lens_0-lens_0: 691.958935222495
lens_1-lens_0: 812.3276058146872
lens_1-lens_1: 1013.1566177118207
lens_2-lens_0: 952.6504410505048
lens_2-lens_1: 1152.8357702171988
lens_2-lens_2: 1302.8138464096094
lens_3-lens_0: null
lens_3-lens_1: 1285.434412687742
lens_3-lens_2: 1457.2977017150965
lens_3-lens_3: 1586.6779305334421
lens_4-lens_0: null
lens_4-lens_1: 1465.6655772108104
lens_4-lens_2: 1577.0226895768492
lens_4-lens_3: 1716.0581593517877
lens_4-lens_4: 1844.1510227092542
source_0-lens_0: 536.8313971865682
source_0-lens_1: 793.0171239015013
source_0-lens_2: 1042.1223405815995
source_0-lens_3: 1166.9967902868684
source_0-lens_4: null
source_0-source_0: 323.77241341108373
source_1-lens_0: 632.7401240220582
source_1-lens_1: 883.7763888934751
source_1-lens_2: 1128.3758264604967
source_1-lens_3: 1346.5842720794974
source_1-lens_4: 1495.9186655414683
source_1-source_0: 388.7843691854763
source_1-source_1: 518.1645980038219
source_2-lens_0: 692.6026179529346
source_2-lens_1: 939.7767864417142
source_2-lens_2: 1222.9971878351075
source_2-lens_3: 1441.2056334541082
source_2-lens_4: 1619.5057497858581
source_2-source_0: 411.31326475085984
source_2-source_1: 586.3949674304121
source_2-source_2: 713.2004653269995
source_3-lens_0: 703.5452243704066
source_3-lens_1: 981.6161639202837
source_3-lens_2: 1266.7676135049956
source_3-lens_3: 1531.3212157156424
source_3-lens_4: 1739.2307376476108
source_3-source_0: 429.98006393360623
source_3-source_1: 622.4412003350258
source_3-source_2: 796.8792202841385
source_3-source_3: 950.0757101287467
source_4-lens_0: 705.4762725617252
source_4-lens_1: 1013.8003004422602
source_4-lens_2: 1302.8138464096094
source_4-lens_3: 1574.447958655091
source_4-lens_4: 1843.5073399788148
source_4-source_0: 441.5663530815178
source_4-source_1: 650.1195577439256
source_4-source_2: 856.7417142150148
source_4-source_3: 1082.0306698688505
source_4-source_4: 1370.40053310576
